1735462
3147470
1144378
2225693
1586685
520608
100749
684003
402582
1157001
1445998
3053511
1451927
1950481
56720
2880144
1468699
174315
2158268
1899488
666897
2190679
2637096
3023438
1463424
1060389
207151
207538
760801
299116
228021
175342
832563
2184119
2838876
3200315
1774051
1723094
2660623
2654974
1805267
643161
2114734
2567239
1061065
1528012
642582
1460275
2021535
633578
2342095
890400
2261715
13702
909457
3128457
2669033
1075765
2165094
1477271
2557884
2535661
1517496
153328
2699316
345067
2861471
1255942
327697
1305342
2850114
2960483
3188989
1689676
2191242
974894
2656028
1021111
785781
2178565
1481301
3023967
3237824
1748434
2079760
412937
1219560
1691444
2125701
2621476
1897145
1024821
706658
2112455
2981814
2086559
2366162
2275865
2000625
1407180
1385137
2015683
280421
1071310
1711296
1447283
1075445
2721535
3008125
2797634
2765710
1629308
2221199
2738826
139138
253915
735921
438637
3077613
696441
2733567
523720
1920573
817005
429286
1491901
390994
1447836
2805843
580079
1909896
1351137
2662845
3064155
2904586
409033
533600
972233
3047320
2947061
2850906
454565
1295366
212079
2417598
1236648
2659285
2331279
3121559
1436280
1556787
1152099
2204831
1058175
1745249
880871
1158548
3202001
3212314
2795729
437623
3159168
629740
3061417
177612
751432
1160541
3152578
1413405
1409985
2636635
2504657
2229081
1592764
1759365
557505
2597039
2301319
1256981
1410699
1071444
994296
1030201
3147139
1684153
1267069
2686765
1581801
1117243
2266895
218243
1968268
2863441
2013869
2663451
3011193
1220533
486024
893883
2262694
2248275
155833
1990696
1786392
305067
1533891
870765
2891526
1384983
652918
1329085
702874
868520
1723365
1471244
1185638
529592
372735
2528780
2075588
1942392
1263601
1874109
1909944
3058490
724766
277658
411634
1796823
195011
2433826
342464
2089759
2314284
394640
1318532
2336236
2566098
1545920
2116961
2573692
1246622
3097710
2182189
903303
1777056
2583336
364318
2824974
2901636
2867431
860921
2636369
529964
1110611
3044253
1053621
1870708
1598630
1575453
317199
484275
967353
1606779
2881702
469581
1019531
1939000
875937
770313
959855
1055928
1577564
1405451
2059576
52639
2733569
3070139
2615921
1433154
804910
174635
1399516
3214221
1611183
2836231
153686
2374014
2103755
2240766
2585444
12993
911158
1727815
1047467
2801648
2630175
319033
2872463
1832766
2341227
1463295
43598
162529
198581
1760214
157679
432267
1667103
905936
2968052
2788509
3199682
1790778
1468007
571522
110449
1220127
2851478
2735582
1197565
1921673
3260836
401724
2785787
2845537
1686054
1879619
1485976
2267645
2890425
220554
1807108
2217003
1985935
956479
52693
1513255
3065513
678081
2933140
2070370
1620023
3041836
3237734
901446
3152041
2780439
2241587
1604883
3104220
264763
2165135
597066
1171358
1770081
466185
2603584
3165915
1908859
1671931
512404
3189296
180995
1248590
624734
1394922
2304730
2543668
145469
1529465
1892190
2076439
54605
2012445
2184920
2597391
2153627
1026024
1791239
2373951
306864
371736
2288625
1534036
627052
2711827
620808
2022701
41404
2360360
476353
2725167
1865158
2446296
1657909
3138929
574274
1263808
86874
1173837
2010609
129460
1504056
2434406
1670090
909962
3258678
2046075
273260
1102837
1123577
902356
3137637
2411976
2539202
3003070
1524499
2979873
42563
767074
419320
2036803
1882277
2996837
2363211
1847055
2958024
2707945
3000157
275149
85819
572789
2985420
2415759
2372715
1762335
967394
10775
3243075
1726411
389382
1243762
154793
2686492
3002549
1487539
1164376
664070
2719798
885631
2501215
2323066
1719888
1958972
3035105
2619278
2401020
808006
1507919
2454499
2589680
1962736
1441950
1058312
962642
3158276
1181490
449223
2912412
2075487
2439255
2785398
2019204
2368810
415713
3045678
1625361
1361030
1394615
2361545
165747
2801496
2412774
2471664
2152293
1320150
1235086
1196225
2326668
2251191
790116
1549834
2635469
191790
902523
2098051
28592
251032
1996888
2628583
620168
1458512
1078420
2527756
330965
278250
318620
2559293
2214917
2128804
226063
3100768
2267910
1301687
222636
1247334
2589766
1510074
1319183
2297261
1421951
2478827
2672066
1703
1718214
1449936
2769812
626987
1828456
2205324
1850312
2353434
2849688
2599163
2312167
3178620
809762
1882631
487963
1638941
697270
944057
1943566
2344492
2806314
468478
598968
506922
242811
160699
155387
168479
2449140
3142441
2819302
166160
444494
2387845
1166671
494004
1008011
1082814
539771
1388981
1026484
2944473
1399354
3169786
2710526
16563
2567730
1011542
1592857
2106834
1671179
2070665
2584315
664872
2887189
1455015
2459879
2081485
176193
18928
405017
1182435
2113066
2597753
1081204
2748561
2016942
31636
508896
2860092
2873668
861136
1773770
2431077
2275871
2383859
1008576
2111487
1604139
703799
1555590
1004952
579532
1048715
1946004
1008270
2612800
1555625
521865
1374720
1922201
550806
1309517
2059593
2578654
497317
2625873
2176627
2035921
181801
660973
1409789
2304185
943337
2508687
1912531
2617852
2004351
1085858
1980428
1541175
1080153
2881683
2933867
492881
1636872
2514345
33948
2501574
1303552
84711
169215
2627598
1069364
1193752
432751
2882881
2634824
2816004
374590
2122914
1256732
2885057
1884265
2529664
3153444
717133
1338559
744254
1542660
3158758
1613926
2317098
2177904
7575
1069179
2291824
153282
172750
2249898
199975
272787
744573
2807612
2133646
2529576
2437299
2990886
547675
1401925
822190
1083983
1143489
1272781
2787215
2247400
346949
2062304
512743
489367
1457094
1298970
406845
3135919
1791048
2834884
2733949
3208356
684897
670776
2995273
1218835
1370000
1665640
1822425
635455
1539069
69281
3033623
1300403
872591
693454
2630945
1607875
3123275
2733478
2219448
1182923
3137155
2596167
1216357
870730
2316699
1670999
523480
2321294
1978490
929879
2363133
1856971
2637733
3196286
231172
2070310
1928077
699277
2453406
1232263
185491
3237274
1091707
3134328
1348276
2620829
724768
1254783
1008468
2293314
2940378
2711823
1638559
2772128
1945001
906465
278760
282306
2360390
1130903
1468540
2412077
2175792
547256
94707
2220569
2719253
1768234
2352918
888327
1247227
687984
2791653
391177
3152279
1781084
926544
2799283
713201
3163586
2056237
1292154
1748770
2238466
3200670
318702
3039225
2855530
2031789
1113681
3149937
282928
1551864
285299
3202237
2124100
3001283
702379
1340358
1096947
1142909
1694543
2284194
1211626
1096260
58356
630979
504865
1606945
609113
1422329
2958901
1828390
1497976
1542089
1082789
1292585
2558445
1095336
577088
2435040
11925
2699878
76424
109738
403167
3046230
392903
2172973
2874630
2690999
2109338
137802
2608412
1592476
3197348
63101
682193
548964
1752666
920403
756202
3147421
537320
1210792
251855
3134798
520926
471322
2039246
1279129
2797771
1867555
598519
2594362
3205013
1128597
424561
3233891
2180442
1707898
1945726
1897603
1001985
2289389
266601
1221284
1460300
388662
3206836
3101826
20335
1195943
2044216
465584
42842
2839778
2027780
790002
2805945
3054278
1143155
3161337
3201999
1362032
740900
2908263
388413
437895
786215
2289409
2031220
1263443
1522063
1636049
1304659
1733104
2402370
2643102
3260963
2250450
2614199
1311697
684489
3185248
1415041
2242813
220712
2394071
2179640
551093
1177834
804024
3059241
1635430
1279033
2933939
2451154
915393
1851348
2838764
331561
2375842
880984
504647
2281426
2534238
1798180
1470423
2095690
907662
657252
952175
1682831
1857080
1895394
2661878
2590648
1445585
941572
1510531
1968588
580505
1250471
760856
1851300
3255708
1346190
1259429
2338045
1643014
301466
3229143
1287471
1676302
387625
482564
1351939
2358741
860646
855193
1923674
1858598
2903621
601101
209286
1730149
1551982
2994172
3007664
2744657
2672408
2000703
597775
2279178
1742524
2111345
2147964
3061239
3198078
1932511
1018475
3175097
794275
585877
2915688
2849748
2338601
665970
2201848
2045426
503028
1146905
208141
1816629
1434199
3091874
1432520
678341
1068873
2119387
1383365
1597922
1988148
1730568
1135558
86607
2237435
2390357
1174238
303569
254997
1036893
693488
1012404
1746076
1252668
3227956
3051817
382686
2298491
681784
1819978
2890933
632951
1855247
2506370
968904
2023067
276391
2003280
2511604
2363198
2304628
1639991
1623755
132298
2226218
132429
2058476
1221540
1029456
2453448
70273
207138
335070
258497
2468519
125662
2855170
770214
1688732
1777016
3226211
2580216
2003394
41947
481580
3249679
2842618
2783376
3190827
786050
569810
1729647
3011013
2451076
505069
2781261
2743651
533549
622193
1736636
1611207
1978702
2643091
2844858
1855979
856406
1311544
411179
2685951
1438463
1809483
3028582
308371
1873031
2114444
1072132
1965185
378805
1949904
3134931
210317
1971597
1549279
653892
1037570
2340642
1136189
472557
122355
2835897
1765275
2901251
2978660
2821022
3200413
678736
1648432
883190
405681
3230087
1110819
1762482
223910
163354
1560970
2963800
2246955
1555342
935633
2658146
482025
3063019
214940
2714650
161387
2708259
45793
2328112
1192885
1301456
2454671
199807
43764
421881
2799447
2254030
379293
3182809
3260639
2832822
607050
764571
1043570
578257
1294491
860493